1 0 0 0 0 
0.803363 0.196637 0 0 0 
0 0.926069 0.0739312 0 0 
0 0 0.781108 0.218892 0 
0 0 0 0.953149 0.046851 
0 0 0 0 1 
0.0156358 0.558265 1e-030 0.0147999 1e-030 1e-030 1e-030 1e-030 0.0876539 0.293587 1e-030 1e-030 0.00340517 1e-030 1e-030 1e-030 1e-030 1e-030 1e-030 1e-030 1e-030 1e-030 1e-030 1e-030 1e-030 1e-030 0.0266528 1e-030 1e-030 1e-030 1e-030 1e-030 
1.37843e-011 0.401453 1.12295e-023 4.27078e-020 1e-030 1e-030 1e-030 1e-030 0.241129 0.31968 0.0188677 1e-030 1.06531e-017 1e-030 1e-030 1e-030 1e-030 1e-030 1e-030 1e-030 1e-030 1e-030 1e-030 1e-030 1e-030 1e-030 0.0188707 2.15211e-019 1e-030 1e-030 1e-030 1e-030 
0.00377733 0.504653 0.016658 1e-030 0.150932 0.00930475 0.00457345 1e-030 0.00698307 0.287325 0.0044609 1e-030 0.00562534 1e-030 1e-030 1e-030 1e-030 1e-030 1e-030 1e-030 1e-030 1e-030 1e-030 1e-030 1e-030 1e-030 0.0031366 0.00257062 1e-030 1e-030 1e-030 1e-030 
1e-030 0.18377 1e-030 0.111954 0.0167177 0.0138457 0.258918 0.0666388 1e-030 0.0125848 0.0247625 0.0339176 0.0444337 1e-030 1e-030 1e-030 1e-030 1e-030 1e-030 1e-030 1e-030 1e-030 0.091837 1e-030 1e-030 1e-030 1e-030 0.00192311 0.138697 1e-030 1e-030 1e-030 
0.0462654 0.411672 0.0378103 0.0139554 0.000543435 1e-030 1e-030 0.00104167 0.196461 0.213367 0.0076169 0.000520835 1.69763e-015 0.000520835 1e-030 1e-030 1e-030 1e-030 1e-030 1e-030 1e-030 1e-030 0.00104167 1e-030 0.0513448 0.0025948 0.0142028 1e-030 0.00104167 1e-030 1e-030 1e-030 
