1 0 0 0 0 
0.496814 0.503186 0 0 0 
0 0.892453 0.107547 0 0 
0 0 0.905298 0.0947024 0 
0 0 0 0.959483 0.0405167 
0 0 0 0 1 
0.0159733 0.754379 1e-030 0.0289926 1e-030 1e-030 1e-030 1e-030 1e-030 0.0668231 0.124107 1e-030 1e-030 1e-030 1e-030 1e-030 1e-030 1e-030 1e-030 1e-030 1e-030 1e-030 1e-030 1e-030 1e-030 1e-030 0.00972515 1e-030 1e-030 1e-030 1e-030 1e-030 
2.57826e-028 0.412276 6.33275e-026 7.9903e-011 1e-030 1e-030 1e-030 1e-030 0.136734 0.42309 0.026962 1e-030 1e-030 1e-030 1e-030 1e-030 1e-030 1e-030 1e-030 1e-030 1e-030 1e-030 1e-030 1e-030 1e-030 1e-030 0.000937525 1e-030 1e-030 1e-030 1e-030 1e-030 
0.00203098 0.274005 0.0480716 0.0123451 1e-030 1e-030 1e-030 1e-030 0.0382477 0.604805 0.0032708 0.00361265 1e-030 1e-030 1e-030 1e-030 1e-030 1e-030 1e-030 1e-030 1e-030 1e-030 1e-030 1e-030 0.00314957 0.00203098 0.00842976 1e-030 1e-030 1e-030 1e-030 1e-030 
2.7796e-024 0.0300676 0.0402742 0.0414771 1e-030 1e-030 0.0224322 1e-030 0.0943062 0.236853 0.0450565 0.0139388 0.00179276 1e-030 1e-030 1e-030 1e-030 1e-030 1e-030 1e-030 1e-030 1e-030 1e-030 1e-030 0.36511 1e-030 0.0450671 0.0156547 0.0479703 1e-030 1e-030 1e-030 
0.027332 0.594065 0.0137748 0.0115553 1e-030 1e-030 0.00060027 1e-030 0.0256784 0.236229 0.0365579 0.00060027 0.00296913 1e-030 1e-030 1e-030 1e-030 1e-030 1e-030 1e-030 1e-030 1e-030 1e-030 1e-030 0.0194524 1e-030 0.0305848 1e-030 0.00060027 1e-030 1e-030 1e-030 
