1 0 0 0 0 
0.689023 0.310977 0 0 0 
0 0.816323 0.183677 0 0 
0 0 0.801959 0.198042 0 
0 0 0 0.921811 0.0781895 
0 0 0 0 1 
2.29352e-029 0.73833 1e-030 0.0206851 1e-030 1e-030 1e-030 1e-030 0.077467 0.160128 1e-030 1e-030 1e-030 1e-030 1e-030 1e-030 1e-030 1e-030 1e-030 1e-030 1e-030 1e-030 1e-030 1e-030 0.00338987 1e-030 1e-030 1e-030 1e-030 1e-030 1e-030 1e-030 
0.162024 0.0853706 2.63193e-017 1e-030 1e-030 1e-030 1e-030 1e-030 0.556207 0.142484 1e-030 1e-030 1e-030 1e-030 1e-030 1e-030 1e-030 1e-030 1e-030 1e-030 1e-030 1e-030 1e-030 1e-030 0.0520303 1e-030 0.0018838 1e-030 1e-030 1e-030 1e-030 1e-030 
0.0444802 0.382008 0.138144 1e-030 1e-030 1e-030 1e-030 1e-030 0.199985 0.209348 8.62365e-020 1e-030 1e-030 1e-030 1e-030 1e-030 1e-030 1e-030 1e-030 1e-030 1e-030 1e-030 1e-030 1e-030 0.0228373 1e-030 0.00319869 1e-030 1e-030 1e-030 1e-030 1e-030 
0.0617392 0.0815468 0.0261114 1e-030 1e-030 0.00852609 1e-030 1e-030 0.370664 0.294482 0.021593 0.0218885 0.0417931 1e-030 1e-030 1e-030 1e-030 1e-030 1e-030 1e-030 1e-030 1e-030 0.00703228 1e-030 0.0456849 0.0045946 0.0143437 1e-030 1e-030 1e-030 1e-030 1e-030 
0.0304976 0.68394 0.0358074 0.00631158 0.0177619 0.00113875 0.000819017 1e-030 0.0249161 0.164137 0.00226076 0.00113037 0.0175214 1e-030 1e-030 1e-030 1e-030 1e-030 1e-030 1e-030 0.000747005 1e-030 0.00428431 1e-030 0.00604878 0.000395594 0.00228188 1e-030 1e-030 1e-030 1e-030 1e-030 
