1 0 0 0 0 
0.590153 0.409847 0 0 0 
0 0.746363 0.253637 0 0 
0 0 0.92485 0.0751497 0 
0 0 0 0.956518 0.0434825 
0 0 0 0 1 
0.0474687 0.415833 0.103185 0.04381 1e-030 1e-030 0.00463582 1e-030 0.0579014 0.214236 0.0340569 1e-030 1e-030 1e-030 1e-030 1e-030 1e-030 1e-030 1e-030 1e-030 1e-030 1e-030 1e-030 1e-030 0.00291345 1e-030 0.0759592 1e-030 1e-030 1e-030 1e-030 1e-030 
1e-030 0.0712085 0.00442967 0.0704212 1e-030 1e-030 1e-030 1e-030 0.320794 0.335711 0.12342 1e-030 0.00833335 0.0125006 1e-030 1e-030 1e-030 1e-030 1e-030 1e-030 1e-030 1e-030 1e-030 1e-030 1e-030 1e-030 0.053182 1e-030 1e-030 1e-030 1e-030 1e-030 
0.00230812 0.450584 0.0230199 0.0740451 1e-030 0.00326678 1e-030 1e-030 0.0708593 0.334265 0.0157747 0.00713339 0.0131659 1e-030 1e-030 1e-030 1e-030 1e-030 1e-030 1e-030 1e-030 1e-030 1.6793e-013 1e-030 1e-030 1e-030 0.00557733 1e-030 1e-030 1e-030 1e-030 1e-030 
0.159946 0.0853435 0.0444322 1.43039e-013 0.00116236 0.00309079 1e-030 1e-030 0.207437 0.363993 0.0098891 0.00502646 0.00435338 0.00224152 1e-030 1e-030 1e-030 1e-030 1e-030 1e-030 1e-030 1e-030 0.00104059 1e-030 0.111004 1e-030 8.22715e-011 1e-030 0.00104059 1e-030 1e-030 1e-030 
0.0207068 0.729296 0.0192543 0.0328826 1e-030 1e-030 1e-030 1e-030 0.0149063 0.128344 0.0359977 1e-030 1e-030 1e-030 1e-030 1e-030 1e-030 1e-030 1e-030 1e-030 1e-030 1e-030 1e-030 1e-030 0.00581962 1e-030 0.0127924 1e-030 1e-030 1e-030 1e-030 1e-030 
