1 0 0 0 0 
0.585797 0.414203 0 0 0 
0 0.883724 0.116276 0 0 
0 0 0.909722 0.0902776 0 
0 0 0 0.971084 0.0289157 
0 0 0 0 1 
0.0473122 0.417027 0.0888307 1e-030 1e-030 1e-030 1e-030 1e-030 0.13987 0.220664 4.24837e-011 1e-030 1e-030 1e-030 1e-030 1e-030 1e-030 1e-030 1e-030 1e-030 1e-030 1e-030 1e-030 1e-030 0.0362966 1e-030 0.05 1e-030 1e-030 1e-030 1e-030 1e-030 
0.129627 0.219085 0.0756252 1e-030 1e-030 1e-030 1e-030 1e-030 0.119966 0.323603 0.0187573 1e-030 1e-030 1e-030 1e-030 1e-030 1e-030 1e-030 1e-030 1e-030 1e-030 1e-030 1e-030 1e-030 0.113336 1e-030 1e-030 1e-030 1e-030 1e-030 1e-030 1e-030 
0.0104437 0.666505 0.0386484 0.0310031 1e-030 1e-030 1e-030 1e-030 0.0558681 0.124273 0.0391171 1e-030 1e-030 1e-030 1e-030 1e-030 1e-030 1e-030 1e-030 1e-030 1e-030 1e-030 1e-030 1e-030 0.0071689 1e-030 0.0269732 1e-030 1e-030 1e-030 1e-030 1e-030 
0.0691001 0.0501542 0.708837 0.0027175 1e-030 1e-030 1e-030 1e-030 0.028322 0.124666 0.00661654 1e-030 1e-030 1e-030 1e-030 1e-030 1e-030 1e-030 1e-030 1e-030 1e-030 1e-030 1e-030 1e-030 0.00663078 1e-030 0.00295535 1e-030 1e-030 1e-030 1e-030 1e-030 
0.0207783 0.692684 0.0229075 0.0341923 0.00202221 1e-030 1e-030 1e-030 0.00351897 0.146333 0.0443768 1e-030 0.0024064 1e-030 1e-030 1e-030 1e-030 1e-030 1e-030 1e-030 1e-030 1e-030 1e-030 1e-030 0.00485928 1e-030 0.0255221 0.000399317 1e-030 1e-030 1e-030 1e-030 
